404548
93727063
84114500
5464910
23431946
97047807
51228875
5304661
35259061
4365219
56145012
63713116
66336363
78618431
76021853
40668830
2973532
26806609
9094937
29845632
84484875
84015582
2444186
45196707
47122735
7625106
64901421
98153606
54251588
48596720
92283278
47498921
81841586
2287782
61328118
17497119
9318388
94001364
10146064
21646211
33001714
19256087
33616207
35598880
79403452
43435129
11116543
21215700
35641670
45023090
7529291
85186297
78138790
71084357
52968689
58273411
29276270
45999948
15748086
87218636
18405594
52946973
52566593
24659059
49255111
68428984
24005994
72794058
89303889
63514813
42326844
86608797
45258458
61562694
43427142
21096703
55844296
88462158
55867910
42279562
10052143
25415165
21563790
68109944
38226405
89918079
86892025
61214872
67074418
63974390
2337958
1382638
60384149
5396412
81283769
69807331
59807336
7231277
13754887
3022378
78552933
67535997
9182394
68004512
6345337
9299998
91562243
47966742
11223097
42797445
53651313
68145291
82529844
50847466
69065646
966019
74435326
37492452
14614739
2332101
8434488
18625080
91539230
23091085
46224523
13267197
13419739
883963
19347724
93304559
4814430
99777902
30322538
29551559
40154379
37695429
20625335
82678591
13866206
2377793
11558804
63858327
36697946
66717422
1638542
59371394
45556114
12183971
1111766
38305482
69894158
7860398
45899440
18604719
21916571
4918927
13533180
70282488
31716599
67179114
84322583
96845473
4677932
77761910
94208278
32805607
30937361
5261874
75881530
79121779
18509
33955121
29889969
4832139
55972076
45451336
47422045
4514672
15904066
10242660
72829883
28955573
9938144
82366158
57254961
91321803
39647601
72642240
11245262
61274314
7656582
35587416
52804795
2771449
69628254
7341829
14026764
47655741
16353177
1771256
55397008
27691155
15107307
94297210
25015897
73114799
59921580
16752529
9122181
85505695
2896632
97999835
18838825
17525579
31553219
23052196
51454829
76185022
67463824
77371113
98743036
8610403
79681302
70723406
71681680
1158749
7884378
49434371
98973221
89101473
42299942
3657285
8044108
71765085
51216921
37829602
96615732
36161794
13736137
86833385
2857656
80905868
86913458
48244095
85643500
37549444
87153415
51904845
97732013
18271115
88991224
15092617
49074935
65826570
3513073
35956196
17308398
22358866
99578213
42366434
81829846
49283210
84462692
44646496
28839588
82582972
8289322
99754128
7081895
799628
51096717
36265739
65197398
95065772
62159540
71279240
8751679
11436443
632496
46295937
18248345
75535810
94526613
85461616
99241741
82514492
12894571
54051179
11188492
61667629
55735791
74454877
91378826
8376767
36966817
4196766
59585939
73086067
6651739
60165731
14383476
53696697
82153352
84565783
17408294
863969
23383916
6782338
9245386
55358948
13667374
93912022
48844333
67908140
56678751
42684417
46017367
26603544
44044111
51202026
95328472
46536600
51672454
7587420
71258308
39921275
30442957
66123294
86412998
80501198
25126430
95881895
74391516
49871046
5033376
74521850
40631975
61793196
73468944
75164249
20192738
40642037
84997041
1594501
4529558
89405046
59867846
37975209
67437926
68587096
94871274
41282248
67121148
81979
11986218
94387224
76363179
68453351
31236178
76438143
20108527
55341342
74257559
99931733
1408816
29527906
25733441
15665701
50897233
55605215
8351426
13998684
55953280
49507642
29195677
34209096
95667306
50983766
25071925
53135749
491994
98786152
56764604
43134420
69283312
92655160
48743532
83489094
34194445
43722310
82076461
7647918
60852753
86312019
1352214
1695829
73482691
67692024
87027855
88554037
1727391
8565430
7542856
4701579
34001885
58935237
77014069
14319551
79737479
91777528
1097889
30922355
75695466
29061107
62992407
76977001
13184727
60446481
152664
5542000
19208788
4328822
53439183
8817137
35341613
36655823
66442654
55755815
61648594
2652242
59022465
92437619
10945397
81165004
30812319
2556359
18929579
55648264
943981
89399206
67817141
39735264
43777006
14534777
4984161
85975132
63705577
33346199
57638811
34763931
95476046
65197398
56411992
1899259
9818434
73296059
49854105
52075008
60595842
34968518
61507107
85883574
50616449
83084243
21848164
60757176
40361653
30781135
12681809
15262766
46851324
71248428
90434355
21305861
42993357
60546660
8285453
38529519
77288887
39776094
10601988
20911744
54198023
95485552
9166262
67094381
90489246
76161080
44919644
80069050
57362136
36849334
22739829
3039234
78533941
5577155
93497350
51481360
57203407
66185426
64672938
97859853
11359807
37403114
57802082
72494841
80877718
21059436
68014022
7865884
16922036
48361040
58809211
10868950
68683714
366139
30917100
155275
9418789
17506837
4532127
23157950
28183213
51705650
30337241
54324867
15474579
7321390
15598379
52982476
10791097
35469726
6112823
84645896
8453312
16934406
89656226
4713564
73444130
90936577
99881387
27587291
63552527
45921192
4973438
17326606
30126167
99513235
77241272
18954621
92488397
78596108
88152725
65323217
58009150
75566006
5761742
3096413
7590165
23507600
9670109
29098526
56096224
29226154
40312547
39762848
95997304
52689159
15792918
93647342
65169248
7005907
88946982
89541706
27637639
36797180
33668903
34151196
86744317
76063567
16217931
5137608
22601439
22831671
89727937
82027486
78849447
93188952
1674092
31004544
41729678
43923388
40514883
50938021
58459899
36974880
30438846
82407708
60347152
77821665
56845622
12326830
84774806
32007048
92493987
44383536
75198802
33278290
82196878
4886213
22491761
63131366
16703141
9813740
63198253
96759424
1879633
75672392
12342066
32971786
54985257
85967113
25719393
54095300
41395462
4688734
97682077
21258805
37294060
4319428
40613999
14325091
8508210
7106922
42102752
207284
4234999
58388280
69483158
76576873
16013910
2345517
4756701
47069148
54953700
57418930
93252277
7181205
428289
58941589
73984039
98527199
81529152
3667694
56903874
52483837
42473568
31055869
97819791
73321043
62528471
59244282
39293347
15168050
398549
38391503
85556454
7921219
6914108
22029920
3089135
88699737
74234756
43718377
33718256
56422259
97107658
80696920
41023548
57992731
34552846
73193887
98498834
17334545
69974820
98829046
44754219
56248734
127015
6177263
9431725
99546334
37829602
46589625
1247356
44313285
18354397
77722899
50261902
60706333
42581523
19831007
99413176
555927
23983055
47489972
33177597
97674103
58534632
28865972
60512309
4773949
48072772
835846
99011022
96252340
67105674
48087547
4292577
11842650
60673156
21022086
11573454
24891917
66981997
15292384
32939812
78544163
95808574
13159578
13316700
34212468
33888188
79997308
14785319
96265468
87787764
94631120
4427159
5288626
78321429
24556214
10965822
96285517
51189936
17642344
46055800
97094540
4379219
66497161
59508685
71493191
26466500
35219005
52694146
62772808
70172166
69041558
17158989
80792667
81707093
59484909
12919510
71036811
58288416
16005588
57137287
30278750
71378081
16269990
65685998
58968436
40655280
63111899
70335615
1391751
54108115
31839841
4958156
23262979
33605388
22552517
51355919
53416756
2899772
12415014
61674438
63387077
36992129
1818542
96295
27444125
69225431
53844028
18091194
32815277
50318418
56368051
91571163
29815140